%chk=default
%mem=2GB
%NProcShared=6

#P TEST b3lyp/6-311G** Empiricaldispersion=gd3 counterpoise=2

comments

0 1 0 1 0 1
X
X   1   r2
X   1   r3   2   a3
X   1   r4   2   a4   3   d4
O  0  8.1145   8.0467   1.1604   1
C  0  7.1091   7.2976   1.6178   1
C  0  6.9097   5.9940   1.1785   1
C  0  7.7470   5.4800   0.1083   1
N  0  8.7778   6.1246   -0.2979   1
H  0  8.6152   7.4759   0.4895   1
O  0  2.7335   2.9496   3.3061   1
C  0  3.7391   3.6986   2.8488   1
C  0  3.9384   5.0022   3.2882   1
C  0  3.1011   5.5164   4.3582   1
N  0  2.0703   4.8718   4.7644   1
H  0  2.2329   3.5204   3.9771   1
C  0  5.8532   5.2123   1.7485   1
C  0  5.6380   3.8574   1.3783   1
C  0  4.6116   3.1295   1.8991   1
C  0  4.9950   5.7839   2.7182   1
C  0  5.2102   7.1388   3.0884   1
C  0  6.2365   7.8667   2.5676   1
C  0  9.5233   5.6151   -1.4275   1
C  0  1.3249   5.3814   5.8940   1
H  0  6.4161   8.8830   2.8884   1
H  0  4.5616   7.6123   3.8115   1
H  0  4.4320   2.1132   1.5782   1
H  0  6.2866   3.3840   0.6551   1
H  0  7.4731   4.5453   -0.3696   1
H  0  10.5425   5.3857   -1.1217   1
H  0  9.5775   6.3895   -2.1893   1
H  0  9.0735   4.7185   -1.8530   1
H  0  3.3751   6.4511   4.8360   1
H  0  1.7746   6.2781   6.3193   1
H  0  1.2709   4.6071   6.6560   1
H  0  0.3057   5.6106   5.5884   1
O  -1  -2.7410   8.0660   5.9090   2
C  -1  -3.7430   7.3070   6.3640   2
C  -1  -3.9440   6.0100   5.9040   2
C  -1  -3.0950   5.5000   4.8400   2
N  -1  -2.0860   6.1740   4.4240   2
H  -1  -2.2540   7.5050   5.2100   2
O  -1  -8.1070   2.9310   8.0130   2
C  -1  -7.1050   3.6900   7.5590   2
C  -1  -6.9040   4.9870   8.0180   2
C  -1  -7.7520   5.4970   9.0830   2
N  -1  -8.7620   4.8230   9.4980   2
H  -1  -8.5940   3.4920   8.7120   2
C  -1  -5.0000   5.2210   6.4670   2
C  -1  -5.2310   3.8810   6.0570   2
C  -1  -6.2530   3.1450   6.5760   2
C  -1  -5.8480   5.7750   7.4550   2
C  -1  -5.6170   7.1160   7.8660   2
C  -1  -4.5950   7.8520   7.3460   2
C  -1  -1.3220   5.6590   3.3081   2
C  -1  -9.5260   5.3370   10.6150   2
H  -1  -4.3870   8.8470   7.7160   2
H  -1  -6.2410   7.5640   8.6260   2
H  -1  -6.4610   2.1500   6.2070   2
H  -1  -4.6070   3.4330   5.2960   2
H  -1  -3.3230   4.5400   4.3850   2
H  -1  -0.2851   5.5200   3.6099   2
H  -1  -1.3320   6.4000   2.5110   2
H  -1  -1.7150   4.7110   2.9430   2
H  -1  -7.5250   6.4560   9.5380   2
H  -1  -9.1330   6.2860   10.9810   2
H  -1  -9.5160   4.5960   11.4110   2
H  -1  -10.5620   5.4770   10.3130   2

Constants:
r2   4.7280
r3   10.8480
r4   11.0000
a3   90.0000
a4   91.3610
d4   -90.0000


